1131,
1136,
1616,
1641,
2667,
3112,
3116,
5700,
893,
894,
895,
1653,
3119,
3124,
5934,
1657,
5919,
1667,
1669,
5938,
1673,
1674,
1676,
1680,
1682,
1690,
1692,
1694,
1696,
1735,
1705,
1709,
1712,
1714,
1717,
1720,
1114,
1115,
1646,
1722,
1723,
1730,
1737,
1829,
3056,
1833,
1852,
1853,
710,
1012,
1015,
1016,
1855,
819,
1857,
823,
835,
1861,
836,
1884,
1886,
861,
821,
876,
1889,
1892,
1897,
1899,
1902,
1907,
1911,
1913,
1921,
1923,
1926,
1930,
1936,
1938,
1941,
1943,
1945,
1947,
1949,
1950,
1954,
1956,
1958,
1960,
1961,
1963,
1964,
1970,
1971,
1973,
1974,
1976,
1977,
1979,
1980,
1981,
1983,
1985,
1986,
1991,
1995,
1998,
2005,
2006,
2009,
2013,
2017,
2019,
2023,
2026,
2031,
2035,
2040,
2118,
5255,
2060,
2106,
2110,
2115,
2127,
2129,
2195,
2207,
2221,
2271,
2610,
2627,
2635,
2639,
2643,
2644,
2670,
2679,
2680,
2681,
2682,
2683,
2696,
2697,
2305,
2315,
2318,
2334,
2337,
2341,
2344,
2346,
2355,
2365,
2389,
2404,
2424,
2648,
2669,
2674,
2675,
2676,
2677,
2678,
2694,
2695,
2698,
2701,
2700,
2722,
2723,
2724,
2725,
2726,
2727,
2728,
2729,
2730,
2731,
2732,
2733,
2735,
2734,
2736,
2737,
2738,
2739,
2740,
2741,
2704,
2705,
2707,
2710,
2711,
2716,
2719,
2720,
2742,
2746,
2747,
2748,
2751,
2753,
2755,
2756,
2771,
2774,
2788,
2817,
2699,
2703,
2708,
2712,
2709,
2717,
2721,
2743,
2749,
2757,
2744,
2772,
2948,
2752,
2776,
2777,
2778,
2781,
2779,
2783,
2802,
2800,
2784,
2803,
2807,
2805,
2808,
2789,
2810,
2815,
2811,
2813,
2745,
2750,
2754,
2773,
2801,
2804,
2806,
2809,
2812,
2869,
2871,
2873,
2880,
2884,
2887,
2902,
2920,
2928,
2930,
2929,
2924,
2941,
2937,
2936,
2945,
2818,
2931,
2949,
2819,
2906,
2907,
2908,
2909,
2910,
2911,
2912,
2913,
2915,
2914,
2916,
2917,
2918,
2919,
2933,
2923,
2927,
2944,
2935,
5589,
5592,
5593,
5594,
5595,
5598,
5603,
5604,
5605,
5606,
5609,
3115,
1983,
1985,
1986,
1991,
1995,
1998,
2005,
2006,
2009,
2013,
2017,
2019,
2023,
2026,
2031,
2035,
2040,
2118,
5255,
2060,
2106,
2110,
2115,
2127,
2129,
2195,
2207,
2221,
2271,
2610,
2627,
2635,
2639,
2643,
2644,
2670,
2679,
2680,
2681,
2682,
2683,
2696,
2697,
2305,
2315,
2318,
2334,
2337,
2341,
2344,
2346,
2355,
2365,
2389,
2404,
2424,
2648,
2669,
2674,
2675,
2676,
2677,
2678,
2694,
2695,
2698,
2701,
2700,
2722,
2723,
2724,
2725,
2726,
2727,
2728,
2729,
2730,
2731,
2732,
2733,
2735,
2734,
2736,
2737,
2738,
2739,
2740,
2741,
2704,
2705,
2707,
2710,
2711,
2716,
2719,
2720,
2742,
2746,
2747,
2748,
1983,
1985,
1986,
1991,
1995,
1998,
2005,
2006,
2009,
2013,
2017,
2019,
2023,
2026,
2031,
2035,
2040,
2118,
5255,
2060,
2106,
2110,
2115,
2127,
2129,
2195,
2207,
2221,
2271,
2610,
2627,
2635,
2639,
2643,
2644,
2670,
2679,
2680,
2681,
2682,
2683,
2696,
2697,
2305,
2315,
2318,
2334,
2337,
2341,
2344,
2346,
2355,
2365,
2389,
2404,
2424,
2648,
2669,
2674,
2675,
2676,
2677,
2678,
2694,
2695,
2698,
2701,
2700,
2722,
2723,
2724,
2725,
2726,
2727,
2728,
2729,
2730,
2731,
2732,
2733,
2735,
2734,
2736,
2737,
2738,
2739,
2740,
2741,
2704,
2705,
2707,
2710,
2711,
2716,
2719,
2720,
2742,
2746,
2747,
2748,
2751,
2753,
2755,
2756,
2771,
2774,
2788,
2817,
2699,
2703,
2708,
2712,
2709,
2717,
2721,
2743,
2749,
2757,
2744,
2772,
2948,
2752,
2776,
2777,
2778,
2781,
2779,
2783,
2802,
2800,
2784,
2803,
2807,
2805,
2808,
2789,
2810,
2815,
2811,
2813,
2745,
2750,
2754,
2773,
2801,
2804,
2806,
2809,
2812,
2869,
2871,
2873,
2880,
2884,
2887,
2902,
2920,
2928,
2930,
2929,
2924,
2941,
2937,
2936,
2945,
2818,
2931,
2949,
2819,
2906,
2907,
2908,
2909,
2910,
2911,
2912,
2913,
2915,
2914,
2916,
2917,
2918,
2919,
2933,
2923,
2927,
2944,
2935,
5589,
5592,
5593,
5594,
5595,
5598,
5603,
5604,
5605,
5606,
5609,
3115,
