800
801
606
611
620
626
885
731
3172
901
898
903
1775
1654
1791
3363
1685
3174
1708
1790
906
908
910
911
914
1779
3175
1689
1655
1793
1792
1743
1652
3364
916
918
920
921
925
927
1651
3176
1796
1656
2183
3365
1795
1782
931
932
933
935
936
937
938
939
1701
3180
940
1747
3366
3685
1794
1797
947
948
950
951
952
3181
3367
1802
1748
1800
1668
3670
953
3368
3182
1801
1816
1807
1753
1670
1713
1671
1821
1813
3369
3184
1756
1718
1803
3185
1672
1727
1823
1759
1760
1806
3370
1815
1817
1728
3187
1675
1808
1825
1762
3372
1765
1811
1826
1677
1769
3189
3375
1818
1732
1819
1812
3190
1767
1827
1678
1788
3384
1738
1828
1820
1772
1789
3378
1777
1814
3193
1679
1740
2211
2000
3194
2269
2146
1742
1988
1681
3406
3411
1822
3195
1992
1683
2270
2213
2004
3418
2273
2214
1824
2016
1684
2179
1994
3196
2001
3420
3197
1830
2276
1686
2021
2216
3198
2218
2008
1688
2293
2029
2184
3434
2012
3477
2047
2294
2246
2186
1691
3208
2295
2248
3534
2398
1842
2187
2014
1693
2185
3210
2251
2296
3539
1695
2072
3213
3322
2075
3548
3214
1697
2298
3555
1721
2299
2190
2304
3216
2083
3217
3583
2262
2088
1724
3588
2192
3097
2307
3221
2431
3591
3222
1729
3225
2333
1731
3600
3606
3230
1734
2197
2054
3244
1736
3612
1928
1739
2353
3247
3707
3621
3251
1719
3622
3252
1741
2203
3255
1835
3581
3628
3258
1838
1839
3260
2414
3630
2205
1840
1953
2472
3263
3637
