3170,642
3173,642
3177,642
3179,642
3183,642
3186,642
3188,642
3191,642
3226,642
3229,642
3241,642
3246,642
3248,642
3270,642
3273,642
3286,642
3325,642
3334,642
3339,642
3343,642
3346,642
3352,642
3354,642
3356,642
3357,642
3358,642
3359,642
3360,642
3362,642
3371,642
3373,642
3377,642
3379,642
3386,642
3389,642
3393,642
3394,642
3399,642
3403,642
3407,642
3409,642
3412,642
3415,642
3426,642
3433,642
3437,642
3464,642
3484,642
3487,642
3495,642
3496,642
3498,642
3504,642
3507,642
3510,642
3520,642
3526,642
3531,642
3537,642
3538,642
3550,642
3553,642
3556,642
3560,642
3574,642
3578,642
3579,642
3584,642
3586,642
3587,ERROR PRODUCT OPTIONSERROR PRODUCT OPTIONS642
3589,642
3592,642
3596,642
3601,642
3603,642
3604,642
3607,ERROR PRODUCT OPTIONSERROR PRODUCT OPTIONS642
3609,642
3611,642
3614,642
3616,642
3619,642
3624,642
3625,642
3627,642
3632,642
3634,642
3636,642
3640,642
3642,642
3646,642
3649,642
3651,ERROR PRODUCT OPTIONS642
3654,642
3657,642
3660,642
3662,642
3663,642
3664,642
3665,642
