OFF PRODUCTS
3133,14581.009999999947

GOOD PRODUCT
3361,14581.009999999947
3363,14581.009999999947
3364,14581.009999999947
3365,14581.009999999947
3366,14581.009999999947
3367,14581.009999999947
3368,14581.009999999947
3369,14581.009999999947
3370,14581.009999999947
3372,14581.009999999947
3375,14581.009999999947
3411,14581.009999999947
3418,14581.009999999947
3420,14581.009999999947
3434,14581.009999999947
3477,14581.009999999947
3539,14581.009999999947
3555,14581.009999999947
3583,14581.009999999947
3612,14581.009999999947
3707,14581.009999999947
3621,14581.009999999947
3622,14581.009999999947
3628,14581.009999999947
3630,14581.009999999947
3637,14581.009999999947
3641,14581.009999999947
3644,14581.009999999947
3645,14581.009999999947
3658,14581.009999999947
3633,14581.009999999947
3631,14581.009999999947
3629,14581.009999999947
3626,14581.009999999947
3602,14581.009999999947
3709,14581.009999999947



3384,16586.209999999734
3378,16588.81999999971
3406,625.5100000000028
3534,14404.049999999972
3588,28223.80999999973
3591,16581.469999999732
3600,16577.71999999973
3606,26847.359999999713
3581,14595.709999999952
3648,16587.319999999767
3652,35605.269999999764
3620,28785.109999999735
3608,16572.52999999975
3548,ERROR PRODUCT OPTIONSERROR PRODUCT OPTIONSERROR PRODUCT OPTIONSERROR PRODUCT OPTIONSERROR PRODUCT OPTIONSERROR PRODUCT OPTIONS6931.850000000004

GOOD ATTRIBUTES
3361 ---> 421

CHECK ATTRIBUTES
3384 ---> 421
3378 ---> 421
3534 ---> 421
3591 ---> 421
3600 ---> 421
3608 ---> 421
3581 ---> 421
3648 ---> 421

3406 ---> 425
3652 ---> 432
3606 ---> 442
3588 ---> 447
3620 ---> 447




