2" x 3.5" (US Standard) 
250,0.2114,52.86,111.00 
500,0.1817,90.83,190.74 
1000,0.1552,155.22,325.97 
2000,0.1486,297.25,624.22 
5000,0.1199,599.44,1258.81 


2.5" x 3.5" 
250,0.2114,52.86,111.00 
500,0.1817,90.83,190.74 
1000,0.1552,155.22,325.97 
2000,0.1486,297.25,624.22 
5000,0.1199,599.44,1258.81 


3" x 4" 
250,0.4096,102.39,215.03 
500,0.3534,176.70,371.07 
1000,0.3072,307.16,645.03 
2000,0.2972,594.50,1248.44 
5000,0.2576,1288.08,2704.97 


3.5" x 8.5" 
250,0.8626,215.64,452.84 
500,0.7231,361.56,759.28 
1000,0.6502,650.17,1365.35 
2000,0.6348,1269.52,2665.99 
5000,0.5649,2824.39,5931.22 


4" x 6" 
250,0.7068,176.70,371.07 
500,0.5879,293.95,617.31 
1000,0.5301,530.10,1113.21 
2000,0.5177,1035.40,2174.34 
5000,0.4604,2302.00,4834.21 


4" x 7" 
250,0.8785,219.64,461.24 
500,0.7365,368.26,773.35 
1000,0.6622,662.20,1390.62 
2000,0.6465,1293.03,2715.37 
5000,0.5753,2876.70,6041.07 


4" x 8" 
250,0.9182,229.54,482.04 
500,0.7695,384.77,808.01 
1000,0.6969,696.88,1463.44 
2000,0.6828,1365.68,2867.92 
5000,0.6044,3022.00,6346.20 


4" x 9" 
250,0.8323,208.08,436.97 
500,0.6999,349.94,734.87 
1000,0.6353,635.25,1334.03 
2000,0.6211,1242.13,2608.48 
5000,0.5498,2749.09,5773.08 


4" x 11" 
250,1.1031,275.79,579.15 
500,0.9182,459.09,964.08 
1000,0.8273,827.35,1737.43 
2000,0.8083,1616.70,3395.06 
5000,0.7193,3596.70,7553.06 


4.25" x 5.5" 
250,1.1031,275.79,579.15 
500,0.9182,459.09,964.08 
1000,0.8273,827.35,1737.43 
2000,0.8083,1616.70,3395.06 
5000,0.7193,3596.70,7553.06 


4.25" x 6" 
250,1.1031,275.79,579.15 
500,0.9182,459.09,964.08 
1000,0.8273,827.35,1737.43 
2000,0.8083,1616.70,3395.06 
5000,0.7193,3596.70,7553.06 


5" x 7" 
250,1.1031,275.79,579.15 
500,0.9182,459.09,964.08 
1000,0.8273,827.35,1737.43 
2000,0.8083,1616.70,3395.06 
5000,0.7193,3596.70,7553.06 


5.5" x 8.5" 
250,1.1031,275.79,579.15 
500,0.9182,459.09,964.08 
1000,0.8273,827.35,1737.43 
2000,0.8083,1616.70,3395.06 
5000,0.7193,3596.70,7553.06 


6" x 6" 
250,1.1031,275.79,579.15 
500,0.9182,459.09,964.08 
1000,0.8273,827.35,1737.43 
2000,0.8083,1616.70,3395.06 
5000,0.7193,3596.70,7553.06 


6" x 9" 
250,1.0831,270.76,568.60 
500,0.9112,455.60,956.75 
1000,0.7183,718.25,1508.33 
2000,0.7020,1404.08,2948.57 
5000,0.6216,3108.13,6527.07 


