1642,14538.589999999951
3685,14538.589999999951
1668,14538.589999999951
1670,14538.589999999951
1671,14538.589999999951
1672,14538.589999999951
1675,14538.589999999951
1677,14538.589999999951
1678,14538.589999999951
1679,14538.589999999951
1681,14538.589999999951
1683,14538.589999999951
1684,14538.589999999951
1686,14538.589999999951
1688,14538.589999999951
1691,14538.589999999951
1693,14538.589999999951
1695,14538.589999999951
1721,14538.589999999951
1724,14538.589999999951
3097,14538.589999999951
1729,14538.589999999951
1731,14538.589999999951
1734,14538.589999999951
1736,14538.589999999951
1739,14538.589999999951
1719,14538.589999999951
1741,14538.589999999951
1835,14538.589999999951
1839,14538.589999999951
1840,14538.589999999951
1841,14538.589999999951
1843,14538.589999999951
1844,14538.589999999951
1846,14538.589999999951
1848,14538.589999999951
1851,14538.589999999951
1854,14538.589999999951
1856,14538.589999999951
1858,14538.589999999951
1859,14538.589999999951
1860,14538.589999999951
1862,14538.589999999951
1863,14538.589999999951
1864,14538.589999999951
1865,14538.589999999951
1866,14538.589999999951
1867,14538.589999999951
1868,14538.589999999951
3687,14538.589999999951
1871,14538.589999999951
1872,14538.589999999951
1873,14538.589999999951
1874,14538.589999999951
1875,14538.589999999951
1876,14538.589999999951
1879,14538.589999999951
1882,14538.589999999951
1885,14538.589999999951
1888,14538.589999999951
1890,14538.589999999951
1901,14538.589999999951
1904,14538.589999999951
1905,14538.589999999951
1908,14538.589999999951
3684,14538.589999999951
1912,14538.589999999951
1914,14538.589999999951
1915,14538.589999999951
1918,14538.589999999951
1925,14538.589999999951
1927,14538.589999999951
1929,14538.589999999951
1934,14538.589999999951
1937,14538.589999999951
1940,14538.589999999951
3082,14538.589999999951
3083,14538.589999999951
3084,14538.589999999951
3085,14538.589999999951
3086,14538.589999999951
3087,14538.589999999951

CHECK PRODUCTS
1654,14528.90999999998
1655,14528.90999999998
1656,14528.90999999998
1697,14316.30999999998
1838,ERROR PRODUCT OPTIONSERROR PRODUCT OPTIONSERROR PRODUCT OPTIONSERROR PRODUCT OPTIONSERROR PRODUCT OPTIONSERROR PRODUCT OPTIONSERROR PRODUCT OPTIONSERROR PRODUCT OPTIONSERROR PRODUCT OPTIONSERROR PRODUCT OPTIONSERROR PRODUCT OPTIONSERROR PRODUCT OPTIONS14441.149999999952
1850,ERROR PRODUCT OPTIONSERROR PRODUCT OPTIONSERROR PRODUCT OPTIONSERROR PRODUCT OPTIONSERROR PRODUCT OPTIONSERROR PRODUCT OPTIONSERROR PRODUCT OPTIONSERROR PRODUCT OPTIONSERROR PRODUCT OPTIONSERROR PRODUCT OPTIONSERROR PRODUCT OPTIONSERROR PRODUCT OPTIONSERROR PRODUCT OPTIONSERROR PRODUCT OPTIONSERROR PRODUCT OPTIONSERROR PRODUCT OPTIONSERROR PRODUCT OPTIONSERROR PRODUCT OPTIONS126.55000000000001
658,13753.939999999979
1877,184.04999999999924
1881,14594.769999999955
1883,28995.14999999993
1887,14583.189999999951
1898,28970.869999999828


GOOD PRODUCT ATT
3685 ---> 50,3,57,3,2,2,2,26,4,2,57,4,2,2,59,2,2,4,59,2,3,36,19,4,




3685 ---> 50,3,57,3,2,2,2,26,4,2,57,4,2,2,59,2,2,4,59,2,3,36,19,4,
1654 ---> 50,3,57,3,2,2,2,26,4,2,57,4,2,2,59,2,2,4,59,2,3,36,19,4,
1655 ---> 50,3,57,3,2,2,2,26,4,2,57,4,2,2,59,2,2,4,59,2,3,36,19,4,
1656 ---> 50,3,57,3,2,2,2,26,4,2,57,4,2,2,59,2,2,4,59,2,3,36,19,4,
1697 ---> 50,3,57,3,2,2,2,26,4,2,57,4,2,2,59,2,2,4,59,2,3,36,19,4,
1838 ---> 50,3,57,3,2,2,2,26,4,2,57,4,2,2,59,2,2,4,59,2,3,36,19,4,
1850 ---> 50,3,57,3,2,2,2,26,4,2,57,4,2,2,59,2,2,4,59,2,3,36,19,4,
658 ---> 50,3,57,3,2,2,2,26,4,2,57,4,2,2,59,2,2,4,59,2,3,36,19,4,
1877 ---> 50,3,57,3,2,2,2,26,4,2,57,4,2,2,59,2,2,4,59,2,3,36,19,4,
1881 ---> 50,3,57,3,2,2,2,26,4,2,57,4,2,2,59,2,2,4,59,2,3,36,19,4,
1883 ---> 50,3,57,3,2,2,2,26,4,2,57,4,2,2,59,2,2,4,59,2,3,36,19,4,
1887 ---> 50,3,57,3,2,2,2,26,4,2,57,4,2,2,59,2,2,4,59,2,3,36,19,4,
1898 ---> 50,3,57,3,2,2,2,26,4,2,57,4,2,2,59,2,2,4,59,2,3,36,19,4,



1654,14538.589999999951
1655,14538.589999999951
1656,14538.589999999951
1697,14538.589999999951
1838,14538.589999999951
1850,14538.589999999951
658,14540.71999999995
1877,14538.589999999951
1881,14538.589999999951
1883,14538.589999999951
1887,14538.589999999951
1898,14538.589999999951
658,14536.089999999951


658 ---> 50,3,57,3,2,2,2,26,4,2,57,4,2,2,59,2,2,4,59,2,3,36,19,4,


658,14536.089999999951
