6419 
4037 
4038 
4039 
4040 
4042 
4043 
4044 
4045 
4047 
4048 
4050 
4051 
4177 
4179 
4180 
4182 
4183 
4184 
4185 
4186 
4187 
4189 
4190 
4192 
4303 
4312 
4314 
4315 
4316 
4317 
4321 
4322 
4324 
4325 
4326 
4327 
4631 
4632 
4633 
4634 
4635 
4636 
4637 
4638 
4655 
4656 
4700 
4701 
4726 
4727 
4747 
4749 
4785 
4788 
5652 
5654 
5657 
5679 
5681 
5693 
5694 
5695 
5710 
5711 
5716 
5717 
5752 
5753 
5772 
5774 
5787 
5788 
5794 
5795 
5813 
5814 
6346 
3774 
5445 
3775 
3776 
3777 
3778 
3779 
3780 
3782 
3783 
6417 
6353 
6354 
6355 
