1104,110498.2100000004
1099,110498.2100000004
1098,110498.2100000004
1101,110498.2100000004
1102,110498.2100000004
1097,108083.2100000004
1103,108083.2100000004
1095,117501.28000000038
1100,123741.43000000052
707,21889.500000000047
709,21908.08000000005
712,21889.500000000047
713,21896.72000000005
715,21933.99000000005
806,21892.62000000005
807,24471.59000000008
714,21884.960000000046
721,21905.590000000047
725,21892.62000000005
808,24484.40000000008
727,21905.590000000047
811,21889.500000000047
729,21908.08000000005
813,24480.260000000082
814,24480.260000000082
827,24480.260000000082
830,24471.59000000008
853,24471.59000000008
820,21889.500000000047
804,24507.84000000008
842,21908.08000000005
831,24471.59000000008
854,21921.48000000005
825,21921.48000000005
832,24486.870000000083
802,24483.370000000083
838,24471.59000000008
815,24480.66000000008
850,24480.66000000008
879,24483.370000000083
723,21884.960000000046
848,24467.07000000008
798,24480.260000000082
839,21889.500000000047
837,24480.66000000008
843,24523.34000000008
863,21889.500000000047
864,24467.07000000008
849,21889.500000000047
866,21889.500000000047
875,21902.90000000005
857,21884.960000000046
878,24503.97000000008
818,24492.63000000008
834,24527.460000000083



1104 ---> 50,21,4,57,12,47,47,18,22,5,2,7,7,26,4,26,2,57,4,2,59,2,7,4,59,2,3,36,19,4,
1099 ---> 50,21,4,57,12,47,47,18,22,5,2,7,7,26,4,26,2,57,4,2,59,2,7,4,59,2,3,36,19,4,
1098 ---> 50,21,4,57,12,47,47,18,22,5,2,7,7,26,4,26,2,57,4,2,59,2,7,4,59,2,3,36,19,4,
1101 ---> 50,21,4,57,12,47,47,18,22,5,2,7,7,26,4,26,2,57,4,2,59,2,7,4,59,2,3,36,19,4,
1102 ---> 50,21,4,57,12,47,47,18,22,5,2,7,7,26,4,26,2,57,4,2,59,2,7,4,59,2,3,36,19,4,
1097 ---> 50,21,4,57,12,47,47,18,22,5,2,7,7,26,4,26,2,57,4,2,59,2,7,4,59,2,3,36,19,4,
1103 ---> 50,21,4,57,12,47,47,18,22,5,2,7,7,26,4,26,2,57,4,2,59,2,7,4,59,2,3,36,19,4,
1095 ---> 50,21,4,57,12,47,47,18,22,5,2,7,7,26,4,26,2,57,4,2,59,2,7,4,59,2,3,36,19,4,
1100 ---> 50,21,4,57,12,47,47,18,22,5,2,7,7,26,4,26,2,57,4,2,59,2,7,4,59,2,3,36,19,4,
707 ---> 2,2,2,2,2,2,2,2,2,19,134,44,26,28,2,33,33,34,34,2,2,2,2,2,2,2,3,3,2,3,2,2,36,2,2,2,2,34,2,2,2,2,2,2,2,101,2,2,4,
709 ---> 2,2,2,2,2,2,2,2,2,19,134,44,26,28,2,33,33,34,34,4,2,2,2,2,2,2,2,3,3,2,3,2,2,36,2,2,2,2,34,2,2,2,2,2,2,2,101,2,2,4,
712 ---> 2,2,2,2,2,2,2,2,2,19,134,44,26,28,2,33,33,34,34,2,2,2,2,2,2,2,3,3,2,3,2,2,36,2,2,2,2,37,2,2,2,2,2,2,2,101,2,2,4,
713 ---> 2,2,2,2,2,2,2,2,2,19,134,44,26,28,2,33,33,34,34,2,2,2,2,2,2,2,3,3,2,3,2,2,36,2,2,2,2,37,2,2,2,2,2,2,2,101,2,2,4,
715 ---> 2,2,2,2,2,2,2,2,2,19,134,44,26,28,6,2,33,33,34,34,2,2,2,2,2,2,2,3,3,2,3,2,2,36,2,2,2,2,34,2,2,2,2,2,2,2,101,2,2,4,
806 ---> 2,2,2,2,2,2,2,2,2,19,134,44,26,28,2,33,33,34,34,2,2,2,2,2,2,2,3,3,2,3,2,2,36,2,2,2,2,38,2,2,2,2,2,2,2,101,2,2,4,
807 ---> 2,2,2,2,2,2,2,2,2,2,2,2,2,2,2,2,2,2,28,134,44,26,28,2,33,33,34,34,2,2,2,2,2,2,2,3,3,2,3,2,2,36,2,2,2,2,2,2,37,2,2,2,2,2,2,2,2,101,2,2,2,28,4,0,
714 ---> 2,2,2,2,2,2,2,2,2,19,134,44,26,28,2,33,33,34,34,2,2,2,2,2,2,2,3,3,2,3,2,2,36,2,2,2,2,34,2,2,2,2,2,2,2,101,2,2,4,
721 ---> 2,2,2,2,2,2,2,2,2,19,134,44,26,28,2,33,33,34,34,2,2,2,2,2,2,2,3,3,2,3,2,2,36,2,2,2,2,34,2,2,2,2,2,2,2,101,2,2,4,
725 ---> 2,2,2,2,2,2,2,2,2,19,134,44,26,28,2,33,33,34,34,2,2,2,2,2,2,2,3,3,2,3,2,2,36,2,2,2,2,34,2,2,2,2,2,2,2,101,2,2,4,
808 ---> 2,2,2,2,2,2,2,2,2,2,2,2,2,2,2,2,2,2,28,134,44,26,28,2,33,33,34,34,2,2,2,2,2,2,2,3,3,2,3,2,2,36,2,2,2,2,2,2,34,2,2,2,2,2,2,2,2,101,2,2,2,28,4,0,
727 ---> 2,2,2,2,2,2,2,2,2,19,134,44,26,28,2,33,33,34,34,2,2,2,2,2,2,2,3,3,2,3,2,2,36,2,2,2,2,37,2,2,2,2,2,2,2,101,2,2,4,
811 ---> 2,2,2,2,2,2,2,2,2,19,134,44,26,28,2,33,33,34,34,2,2,2,2,2,2,2,3,3,2,3,2,2,36,2,2,2,2,35,2,2,2,2,2,2,2,101,2,2,4,
729 ---> 2,2,2,2,2,2,2,2,2,19,134,44,26,28,2,33,33,34,34,4,2,2,2,2,2,2,2,3,3,2,3,2,2,36,2,2,2,2,34,2,2,2,2,2,2,2,101,2,2,4,
813 ---> 2,2,2,2,2,2,2,2,2,2,2,2,2,2,2,2,2,2,28,134,44,26,28,2,33,33,34,34,2,2,2,2,2,2,2,3,3,2,3,2,2,36,2,2,2,2,2,2,38,2,2,2,2,2,2,2,2,101,2,2,2,28,4,0,
814 ---> 2,2,2,2,2,2,2,2,2,2,2,2,2,2,2,2,2,2,28,134,44,26,28,2,33,33,34,34,2,2,2,2,2,2,2,3,3,2,3,2,2,36,2,2,2,2,2,2,34,2,2,2,2,2,2,2,2,101,2,2,2,28,4,0,
827 ---> 2,2,2,2,2,2,2,2,2,2,2,2,2,2,2,2,2,2,28,134,44,26,28,2,33,33,34,34,2,2,2,2,2,2,2,3,3,2,3,2,2,36,2,2,2,2,2,2,39,2,2,2,2,2,2,2,2,101,2,2,2,28,4,0,
830 ---> 2,2,2,2,2,2,2,2,2,2,2,2,2,2,2,2,2,2,28,134,44,26,28,2,33,33,34,34,2,2,2,2,2,2,2,3,3,2,3,2,2,36,2,2,2,2,2,2,38,2,2,2,2,2,2,2,2,101,2,2,2,28,4,0,
853 ---> 2,2,2,2,2,2,2,2,2,2,2,2,2,2,2,2,2,2,28,134,44,26,28,2,33,33,34,34,2,2,2,2,2,2,2,3,3,2,3,2,2,36,2,2,2,2,2,2,39,2,2,2,2,2,2,2,2,101,2,2,2,28,4,0,
820 ---> 2,2,2,2,2,2,2,2,2,19,134,44,26,28,2,33,33,34,34,2,2,2,2,2,2,2,3,3,2,3,2,2,36,2,2,2,2,37,2,2,2,2,2,2,2,101,2,2,4,
804 ---> 2,2,2,2,2,2,2,2,2,2,2,2,2,2,2,2,2,2,28,134,44,26,28,2,33,33,34,34,2,2,2,2,2,2,2,3,3,2,3,2,2,36,2,2,2,2,2,2,37,2,2,2,2,2,2,2,2,101,2,2,2,28,4,0,
842 ---> 2,2,2,2,2,2,2,2,2,19,134,44,26,28,2,33,33,34,34,6,2,2,2,2,2,2,2,3,3,2,3,2,2,36,2,2,2,2,37,2,2,2,2,2,2,2,101,2,2,4,
831 ---> 2,2,2,2,2,2,2,2,2,2,2,2,2,2,2,2,2,2,28,134,44,26,28,2,33,33,34,34,2,2,2,2,2,2,2,3,3,2,3,2,2,36,2,2,2,2,2,2,39,2,2,2,2,2,2,2,2,101,2,2,2,28,4,0,
854 ---> 2,2,2,2,2,2,2,2,2,19,134,44,26,28,2,33,33,34,34,2,2,2,2,2,2,2,3,3,2,3,2,2,36,2,2,2,2,37,2,2,2,2,2,2,2,101,2,2,4,
825 ---> 2,2,2,2,2,2,2,2,2,19,134,44,26,28,2,33,33,34,34,2,2,2,2,2,2,2,3,3,2,3,2,2,36,2,2,2,2,37,2,2,2,2,2,2,2,101,2,2,4,
832 ---> 2,2,2,2,2,2,2,2,2,2,2,2,2,2,2,2,2,2,28,134,44,26,28,2,33,33,34,34,2,2,2,2,2,2,2,3,3,2,3,2,2,36,2,2,2,2,2,2,34,2,2,2,2,2,2,2,2,101,2,2,2,28,4,0,
802 ---> 2,2,2,2,2,2,2,2,2,2,2,2,2,2,2,2,2,2,28,134,44,26,28,2,33,33,34,34,2,2,2,2,2,2,2,3,3,2,3,2,2,38,2,2,2,2,2,2,34,2,2,2,2,2,2,2,2,101,2,2,2,28,4,0,
838 ---> 2,2,2,2,2,2,2,2,2,2,2,2,2,2,2,2,2,2,28,134,44,26,28,2,33,33,34,34,2,2,2,2,2,2,2,3,3,2,3,2,2,36,2,2,2,2,2,2,38,2,2,2,2,2,2,2,2,101,2,2,2,28,4,0,
815 ---> 2,2,2,2,2,2,2,2,2,2,2,2,2,2,2,2,2,2,28,134,44,26,28,2,33,33,34,34,2,2,2,2,2,2,2,3,3,2,3,2,2,36,2,2,2,2,2,2,35,2,2,2,2,2,2,2,2,101,2,2,2,28,4,0,
850 ---> 2,2,2,2,2,2,2,2,2,2,2,2,2,2,2,2,2,2,28,134,44,26,28,2,33,33,34,34,2,2,2,2,2,2,2,3,3,2,3,2,2,36,2,2,2,2,2,2,35,2,2,2,2,2,2,2,2,101,2,2,2,28,4,0,
879 ---> 2,2,2,2,2,2,2,2,2,2,2,2,2,2,2,2,2,2,28,134,44,26,28,2,33,33,34,34,2,2,2,2,2,2,2,3,3,2,3,2,2,38,2,2,2,2,2,2,34,2,2,2,2,2,2,2,2,101,2,2,2,28,4,0,
723 ---> 2,2,2,2,2,2,2,2,2,19,134,44,26,28,2,33,33,34,34,2,2,2,2,2,2,2,3,3,2,3,2,2,36,2,2,2,2,34,2,2,2,2,2,2,2,101,2,2,4,
848 ---> 2,2,2,2,2,2,2,2,2,2,2,2,2,2,2,2,2,2,28,134,44,26,28,2,33,33,34,34,2,2,2,2,2,2,2,3,3,2,3,2,2,36,2,2,2,2,2,2,37,2,2,2,2,2,2,2,2,101,2,2,2,28,4,0,
798 ---> 2,2,2,2,2,2,2,2,2,2,2,2,2,2,2,2,2,2,28,134,44,26,28,2,33,33,34,34,2,2,2,2,2,2,2,3,3,2,3,2,2,36,2,2,2,2,2,2,37,2,2,2,2,2,2,2,2,101,2,2,2,28,4,0,
839 ---> 2,2,2,2,2,2,2,2,2,19,134,44,26,28,2,33,33,34,34,2,2,2,2,2,2,2,3,3,2,3,2,2,36,2,2,2,2,35,2,2,2,2,2,2,2,101,2,2,4,
837 ---> 2,2,2,2,2,2,2,2,2,2,2,2,2,2,2,2,2,2,28,134,44,26,28,2,33,33,34,34,2,2,2,2,2,2,2,3,3,2,3,2,2,36,2,2,2,2,2,2,35,2,2,2,2,2,2,2,2,101,2,2,2,28,4,0,
843 ---> 2,2,2,2,2,2,2,2,2,2,2,2,2,2,2,2,2,2,28,134,44,26,28,2,33,33,34,34,2,2,2,2,2,2,2,3,3,2,3,2,2,36,2,2,2,2,2,2,35,2,2,2,2,2,2,2,2,101,2,2,2,28,4,0,
863 ---> 2,2,2,2,2,2,2,2,2,19,134,44,26,28,2,33,33,34,34,2,2,2,2,2,2,2,3,3,2,3,2,2,36,2,2,2,2,37,2,2,2,2,2,2,2,101,2,2,4,
864 ---> 2,2,2,2,2,2,2,2,2,2,2,2,2,2,2,2,2,2,28,134,44,26,28,2,33,33,34,34,2,2,2,2,2,2,2,3,3,2,3,2,2,36,2,2,2,2,2,2,35,2,2,2,2,2,2,2,2,101,2,2,2,28,4,0,
849 ---> 2,2,2,2,2,2,2,2,2,19,134,44,26,28,2,33,33,34,34,2,2,2,2,2,2,2,3,3,2,3,2,2,36,2,2,2,2,37,2,2,2,2,2,2,2,101,2,2,4,
866 ---> 2,2,2,2,2,2,2,2,2,19,134,44,26,28,2,33,33,34,34,2,2,2,2,2,2,2,3,3,2,3,2,2,36,2,2,2,2,35,2,2,2,2,2,2,2,101,2,2,4,
875 ---> 2,2,2,2,2,2,2,2,2,19,134,44,26,28,2,33,33,34,34,2,2,2,2,2,2,2,3,3,2,3,2,2,36,2,2,2,2,38,2,2,2,2,2,2,2,101,2,2,4,
857 ---> 2,2,2,2,2,2,2,2,2,19,134,44,26,28,2,33,33,34,34,2,2,2,2,2,2,2,3,3,2,3,2,2,36,2,2,2,2,34,2,2,2,2,2,2,2,101,2,2,4,
878 ---> 2,2,2,2,2,2,2,2,2,2,2,2,2,2,2,2,2,2,28,134,44,26,28,2,33,33,34,34,2,2,2,2,2,2,2,3,3,2,3,2,2,36,2,2,2,2,2,2,34,2,2,2,2,2,2,2,2,101,2,2,2,28,4,0,
818 ---> 2,2,2,2,2,2,2,2,2,2,2,2,2,2,2,2,2,2,28,134,44,26,28,2,33,33,34,34,2,2,2,2,2,2,2,3,3,2,3,2,2,36,2,2,2,2,2,2,35,2,2,2,2,2,2,2,2,101,2,2,2,28,4,0,
834 ---> 2,2,2,2,2,2,2,2,2,2,2,2,2,2,2,2,2,2,28,134,44,26,28,2,33,33,34,34,2,2,2,2,2,2,2,3,3,2,3,2,2,36,2,2,2,2,2,2,34,2,2,2,2,2,2,2,2,101,2,2,2,28,4,0,


CUSTOM PRODUCT NO AUDIT