3118
3690
4025
4302
4306
4307
4308
4318
4319
4615
4620
4623
6429
84
76
4014
1
3896
4017
4018
4019
4021
4022
4026
4027
4028
4029
4030
4032
4033
4034
4035
4036
4041
4046
4146
4147
4148
4149
4150
4151
4152
4153
4154
4155
4156
4281
4282
4283
4285
4286
4288
4290
4292
4293
4301
4305
4309
4310
4311
4328
4329
4330
4332
4333
4334
4336
4337
4338
4339
4340
4342
4411
4412
4414
4417
4418
4421
4424
4427
4428
4431
4433
4435
4439
4440
4442
4445
4446
4448
4453
4456
4457
4458
4460
4461
4463
4466
4471
4476
4478
4480
4491
4495
4500
4501
4533
4534
4535
4536
4537
4538
4539
4571
4573
4574
4576
4577
4579
4582
4585
4587
4589
4594
4612
4613
4614
4616
4617
4618
4619
4621
4622
4668
4669
4670
4671
4672
4673
4674
4675
4676
4677
4678
4688
4689
4690
4691
4692
4693
4694
4695
4696
4697
4706
4707
4708
4710
4712
4713
4716
4718
4720
4721
4743
4745
4748
4750
4752
4756
4759
4761
4762
4764
4777
4779
4780
4781
4783
4784
4786
4787
4789
4792
4929
4930
4931
4932
4933
4934
4935
4936
4937
4938
4939
4940
4941
5602
6208
6211
6212
6213
6214
6229
6238
6241
6246
6247
6251
6254
6261
6263
6333
6348
6351
6358
6360
6424
6427
6428
3089
3710
3813
4165
3703
3714
81
3693
4289
3708
4284
3699
1124
5910
3715
3694
4291
3702
3697
3698
3867
3691
3861
3700
3856
3859
3704
5601
5607
3850
3857
6227
3860
3862
3863
3858
3696
3692
3695
3701
3706
6370
6371
6373
6374
6376
6372
6230
6379
6382
6231
6380
6383
6232
6381
6233
6384
6234
6385
6236
6386
6237
6387
6388
6239
6389
6240
6242
6243
6244
6245
6248
6249
6250
6252
6264
6265
6267
6266
6270
6269
6272
6273
6274
6418
6277
6294
6295
6377
