1642,
1654,
1655,
1656,
3685,
1668,
1670,
1671,
1672,
1675,
1677,
1678,
1679,
1681,
1683,
1684,
1686,
1688,
1691,
1693,
1695,
1697,
1721,
1724,
3097,
1729,
1731,
1734,
1736,
1739,
1719,
1741,
1835,
1838,
1839,
1840,
1841,
1843,
1844,
1846,
1848,
1850,
1851,
1854,
1856,
1858,
658,
1859,
1860,
1862,
1863,
1864,
1865,
1866,
1867,
1868,
3687,
1871,
1872,
1873,
1874,
1875,
1876,
1877,
1879,
1881,
1882,
1883,
1885,
1887,
1888,
1890,
1898,
1901,
1904,
1905,
1908,
3684,
1912,
1914,
1915,
1918,
1925,
1927,
1929,
1934,
1937,
1940,
3082,
3083,
3084,
3085,
3086,
3087,